1270    -1  780     130
1270    56  9593    300
1270    32  11335   160
1270    16  11990   90
1270    8   11569   65
1270    4   12271   60
1270    2   11548   52
1270    1   11270   48
1270    0   10694   44
511     -1  5494    176
511     56  10508   105
511     32  14229   56
511     16  16539   31
511     8   24206   30
511     4   29974   30
511     2   32943   30
511     1   34541   30
511     0   67913   56
662     -1  1274    185
662     56  7971    300
662     32  10631   155
662     16  11431   80
662     8   10324   50
662     4   11135   45
662     2   10806   40
662     1   11247   40
662     0   18506   63
81.3    16  2166    300
81.3    8   9038    204
81.3    4   12910   54
81.3    2   18580   36
81.3    1   24432   32
81.3    0   73590   66
360     56  8651    300
360     32  10765   97
360     16  94352   300
360     8   114761  204
360     4   39704   54
360     2   30219   36
360     1   29473   32
360     0   65395   66
1170    32  3756    493
1170    16  5454    363
1170    8   12128   600
1170    4   7721    300
1170    2   6855    277
1170    1   7898    286
1170    0   5022    174
1330    32  3671    493
1330    16  5335    363
1330    8   11827   600
1330    4   7017    300
1330    2   6834    377
1330    1   7318    286
1330    0   4425    174

