0	200	
1	181	
2	195	
3	173	
4	180	
5	175	
6	189	
7	204	
8	215	
9	203	
10	193	
11	182	
12	177	
13	156	
14	142	
15	149	
16	139	
17	120	
18	152	
19	130	
20	123	
21	114	
22	138	
23	119	
24	168	
25	116	
26	136	
27	139	
28	179	
29	220	
30	199	
31	209	
32	195	
33	254	
34	177	
35	170	
36	181	
37	159	
38	170	
39	193	
40	226	
41	236	
42	261	
43	240	
44	235	
45	280	
46	186	
47	196	
48	182	
49	180	
50	161	
51	174	
52	183	
53	193	
54	212	
55	205	
56	208	
57	195	
58	182	
59	174	
60	174	
61	139	
62	160	
63	131	
64	141	
65	130	
66	142	
67	133	
68	138	
69	128	
70	133	
71	124	
72	116	
73	134	
74	133	
75	142	
76	154	
77	189	
78	228	
79	217	
80	224	
81	189	
82	193	
83	172	
84	202	
85	176	
86	180	
87	186	
88	213	
89	200	
90	213	
91	254	
92	248	
93	240	
94	233	
95	224	
96	218	
97	186	
98	197	
99	193	
100	177	
101	184	
102	187	
103	202	
104	216	
105	253	
106	235	
107	214	
108	201	
109	185	
110	177	
111	168	
112	206	
113	157	
114	166	
115	153	
116	133	
117	135	
118	122	
119	139	
120	117	
121	120	
122	136	
123	149	
124	123	
125	123	
126	133	
127	143	
128	157	
129	182	
130	203	
131	225	
132	219	
133	217	
134	198	
135	196	
136	183	
137	182	
138	182	
139	177	
140	183	
141	185	
142	213	
143	228	
144	233	
145	273	
146	255	
147	268	
148	249	
149	222	
150	209	
151	217	
152	188	
153	201	
154	179	
155	185	
156	189	
157	231	
158	205	
159	228	
160	226	
161	231	
162	250	
163	204	
164	199	
165	193	
166	187	
167	190	
168	208	
169	158	
170	143	
171	145	
172	142	
173	128	
174	137	
175	125	
176	130	
177	147	
178	137	
179	128	
180	126	
181	126	
182	139	
183	140	
184	161	
185	183	
186	190	
187	221	
188	229	
189	219	
190	216	
191	223	
192	218	
193	201	
194	198	
195	212	
196	182	
197	193	
198	176	
199	188	
200	212	
201	226	
202	244	
203	262	
204	258	
205	272	
206	295	
207	237	
208	226	
209	203	
210	204	
211	197	
212	190	
213	181	
214	177	
215	197	
216	184	
217	201	
218	214	
219	229	
220	234	
221	245	
222	229	
223	216	
224	202	
225	212	
226	187	
227	176	
228	166	
229	151	
230	154	
231	144	
232	143	
233	140	
234	132	
235	150	
236	145	
237	132	
238	135	
239	130	
240	132	
241	152	
242	128	
243	134	
244	149	
245	140	
246	165	
247	170	
248	180	
249	208	
250	252	
251	236	
252	242	
253	239	
254	228	
255	215	
256	236	
257	212	
258	184	
259	204	
260	200	
261	181	
262	193	
263	197	
264	200	
265	214	
266	235	
267	262	
268	270	
269	266	
270	257	
271	264	
272	249	
273	237	
274	252	
275	222	
276	213	
277	214	
278	220	
279	188	
280	184	
281	189	
282	197	
283	206	
284	212	
285	237	
286	238	
287	237	
288	257	
289	238	
290	240	
291	204	
292	208	
293	196	
294	185	
295	222	
296	167	
297	171	
298	161	
299	145	
300	150	
301	157	
302	135	
303	148	
304	143	
305	154	
306	140	
307	138	
308	133	
309	137	
310	124	
311	142	
312	151	
313	135	
314	137	
315	147	
316	158	
317	177	
318	173	
319	200	
320	212	
321	225	
322	250	
323	245	
324	239	
325	250	
326	241	
327	241	
328	226	
329	196	
330	193	
331	289	
332	196	
333	207	
334	212	
335	190	
336	196	
337	204	
338	212	
339	234	
340	224	
341	274	
342	252	
343	274	
344	271	
345	305	
346	288	
347	256	
348	255	
349	236	
350	237	
351	224	
352	219	
353	278	
354	215	
355	202	
356	196	
357	200	
358	202	
359	209	
360	228	
361	230	
362	235	
363	247	
364	252	
365	254	
366	266	
367	252	
368	238	
369	234	
370	214	
371	231	
372	197	
373	197	
374	186	
375	175	
376	167	
377	155	
378	154	
379	164	
380	136	
381	167	
382	143	
383	147	
384	137	
385	134	
386	166	
387	164	
388	151	
389	136	
390	138	
391	131	
392	151	
393	144	
394	137	
395	151	
396	193	
397	143	
398	157	
399	164	
400	190	
401	191	
402	186	
403	251	
404	209	
405	233	
406	260	
407	286	
408	261	
409	248	
410	255	
411	248	
412	237	
413	271	
414	231	
415	224	
416	230	
417	212	
418	199	
419	202	
420	204	
421	189	
422	206	
423	199	
424	201	
425	225	
426	223	
427	237	
428	244	
429	241	
430	265	
431	277	
432	306	
433	299	
434	303	
435	297	
436	325	
437	284	
438	275	
439	271	
440	240	
441	238	
442	271	
443	233	
444	229	
445	222	
446	210	
447	219	
448	202	
449	204	
450	201	
451	209	
452	212	
453	207	
454	242	
455	230	
456	244	
457	254	
458	266	
459	271	
460	286	
461	263	
462	260	
463	281	
464	246	
465	249	
466	239	
467	230	
468	228	
469	208	
470	202	
471	196	
472	192	
473	183	
474	190	
475	170	
476	171	
477	182	
478	166	
479	148	
480	169	
481	144	
482	150	
483	131	
484	148	
485	136	
486	130	
487	135	
488	143	
489	144	
490	136	
491	141	
492	144	
493	135	
494	131	
495	133	
496	124	
497	145	
498	133	
499	133	
500	144	
501	132	
502	139	
503	141	
504	145	
505	149	
506	164	
507	181	
508	234	
509	207	
510	176	
511	229	
512	217	
513	212	
514	233	
515	258	
516	253	
517	251	
518	267	
519	266	
520	269	
521	275	
522	274	
523	263	
524	249	
525	255	
526	275	
527	236	
528	235	
529	238	
530	209	
531	219	
532	201	
533	202	
534	192	
535	208	
536	212	
537	209	
538	291	
539	206	
540	228	
541	213	
542	209	
543	208	
544	209	
545	216	
546	234	
547	264	
548	252	
549	254	
550	267	
551	275	
552	305	
553	302	
554	323	
555	323	
556	321	
557	316	
558	349	
559	317	
560	323	
561	302	
562	279	
563	284	
564	275	
565	295	
566	272	
567	283	
568	266	
569	237	
570	233	
571	223	
572	218	
573	216	
574	258	
575	225	
576	203	
577	216	
578	199	
579	204	
580	208	
581	196	
582	213	
583	197	
584	214	
585	223	
586	203	
587	197	
588	232	
589	239	
590	233	
591	264	
592	273	
593	262	
594	264	
595	262	
596	272	
597	277	
598	294	
599	279	
600	282	
601	286	
602	285	
603	283	
604	310	
605	263	
606	270	
607	287	
608	261	
609	256	
610	247	
611	247	
612	234	
613	223	
614	219	
615	220	
616	223	
617	212	
618	206	
619	188	
620	186	
621	195	
622	181	
623	212	
624	171	
625	176	
626	168	
627	172	
628	156	
629	150	
630	154	
631	157	
632	153	
633	150	
634	138	
635	139	
636	155	
637	144	
638	155	
639	133	
640	143	
641	153	
642	122	
643	150	
644	138	
645	135	
646	169	
647	124	
648	133	
649	139	
650	131	
651	130	
652	148	
653	139	
654	143	
655	126	
656	141	
657	141	
658	149	
659	139	
660	132	
661	134	
662	142	
663	124	
664	138	
665	135	
666	136	
667	147	
668	135	
669	143	
670	136	
671	144	
672	136	
673	140	
674	136	
675	152	
676	152	
677	147	
678	149	
679	141	
680	143	
681	141	
682	139	
683	151	
684	231	
685	159	
686	150	
687	149	
688	171	
689	154	
690	144	
691	156	
692	163	
693	150	
694	168	
695	169	
696	155	
697	173	
698	182	
699	160	
700	159	
701	175	
702	172	
703	184	
704	174	
705	182	
706	175	
707	177	
708	184	
709	189	
710	184	
711	205	
712	187	
713	219	
714	200	
715	212	
716	199	
717	215	
718	224	
719	225	
720	220	
721	217	
722	233	
723	231	
724	235	
725	226	
726	231	
727	245	
728	318	
729	264	
730	256	
731	260	
732	267	
733	251	
734	272	
735	287	
736	287	
737	281	
738	285	
739	283	
740	310	
741	309	
742	296	
743	296	
744	295	
745	310	
746	307	
747	311	
748	313	
749	336	
750	300	
751	296	
752	333	
753	310	
754	331	
755	323	
756	309	
757	329	
758	299	
759	351	
760	309	
761	322	
762	303	
763	314	
764	328	
765	330	
766	339	
767	306	
768	347	
769	312	
770	353	
771	328	
772	327	
773	320	
774	316	
775	327	
776	312	
777	313	
778	329	
779	335	
780	322	
781	320	
782	311	
783	304	
784	315	
785	328	
786	329	
787	328	
788	322	
789	319	
790	326	
791	320	
792	327	
793	320	
794	320	
795	322	
796	311	
797	329	
798	332	
799	338	
800	344	
801	329	
802	336	
803	314	
804	317	
805	342	
806	317	
807	329	
808	328	
809	322	
810	459	
811	310	
812	320	
813	321	
814	315	
815	318	
816	327	
817	317	
818	321	
819	309	
820	320	
821	309	
822	316	
823	320	
824	317	
825	317	
826	316	
827	322	
828	322	
829	315	
830	303	
831	316	
832	312	
833	312	
834	296	
835	321	
836	303	
837	300	
838	309	
839	293	
840	300	
841	302	
842	302	
843	275	
844	281	
845	278	
846	267	
847	266	
848	265	
849	251	
850	255	
851	264	
852	241	
853	258	
854	242	
855	234	
856	233	
857	252	
858	223	
859	225	
860	214	
861	224	
862	240	
863	205	
864	207	
865	206	
866	200	
867	195	
868	200	
869	192	
870	205	
871	199	
872	173	
873	181	
874	184	
875	174	
876	168	
877	170	
878	166	
879	172	
880	166	
881	159	
882	152	
883	158	
884	155	
885	160	
886	148	
887	145	
888	144	
889	156	
890	148	
891	156	
892	155	
893	136	
894	149	
895	147	
896	150	
897	145	
898	177	
899	155	
900	149	
901	138	
902	141	
903	158	
904	164	
905	156	
906	155	
907	161	
908	149	
909	159	
910	144	
911	139	
912	145	
913	168	
914	151	
915	133	
916	150	
917	175	
918	157	
919	143	
920	156	
921	149	
922	142	
923	195	
924	154	
925	149	
926	150	
927	144	
928	139	
929	163	
930	168	
931	156	
932	150	
933	171	
934	154	
935	142	
936	205	
937	148	
938	150	
939	204	
940	176	
941	147	
942	150	
943	157	
944	182	
945	150	
946	157	
947	144	
948	167	
949	153	
950	159	
951	164	
952	199	
953	172	
954	175	
955	176	
956	185	
957	195	
958	204	
959	196	
960	191	
961	195	
962	217	
963	223	
964	230	
965	224	
966	223	
967	221	
968	245	
969	260	
970	251	
971	254	
972	268	
973	275	
974	294	
975	309	
976	322	
977	314	
978	310	
979	321	
980	296	
981	307	
982	317	
983	306	
984	271	
985	275	
986	257	
987	260	
988	250	
989	236	
990	222	
991	223	
992	214	
993	208	
994	214	
995	199	
996	213	
997	198	
998	203	
999	228	
1000	217	
1001	214	
1002	213	
1003	215	
1004	223	
1005	214	
1006	229	
1007	212	
1008	249	
1009	247	
1010	258	
1011	248	
1012	266	
1013	283	
1014	295	
1015	290	
1016	307	
1017	320	
1018	328	
1019	336	
1020	347	
1021	352	
1022	372	
1023	370	
1024	362	
1025	349	
1026	343	
1027	326	
1028	329	
1029	296	
1030	291	
1031	255	
1032	260	
1033	233	
1034	230	
1035	219	
1036	209	
1037	203	
1038	196	
1039	204	
1040	187	
1041	234	
1042	190	
1043	203	
1044	213	
1045	229	
1046	216	
1047	242	
1048	256	
1049	228	
1050	260	
1051	250	
1052	245	
1053	251	
1054	285	
1055	307	
1056	275	
1057	306	
1058	332	
1059	318	
1060	354	
1061	305	
1062	307	
1063	313	
1064	261	
1065	262	
1066	252	
1067	214	
1068	204	
1069	200	
1070	185	
1071	179	
1072	181	
1073	167	
1074	155	
1075	164	
1076	172	
1077	154	
1078	151	
1079	159	
1080	134	
1081	159	
1082	136	
1083	161	
1084	145	
1085	151	
1086	154	
1087	135	
1088	142	
1089	148	
1090	160	
1091	157	
1092	152	
1093	138	
1094	140	
1095	150	
1096	142	
1097	140	
1098	174	
1099	144	
1100	158	
1101	156	
1102	168	
1103	165	
1104	167	
1105	182	
1106	186	
1107	203	
1108	196	
1109	231	
1110	220	
1111	224	
1112	264	
1113	254	
1114	285	
1115	283	
1116	300	
1117	305	
1118	314	
1119	318	
1120	315	
1121	300	
1122	291	
1123	284	
1124	286	
1125	228	
1126	218	
1127	219	
1128	198	
1129	196	
1130	202	
1131	202	
1132	190	
1133	215	
1134	225	
1135	219	
1136	237	
1137	252	
1138	242	
1139	282	
1140	286	
1141	283	
1142	313	
1143	335	
1144	331	
1145	392	
1146	337	
1147	362	
1148	346	
1149	317	
1150	293	
1151	256	
1152	235	
1153	241	
1154	240	
1155	213	
1156	202	
1157	197	
1158	221	
1159	198	
1160	195	
1161	198	
1162	225	
1163	228	
1164	220	
1165	230	
1166	252	
1167	275	
1168	291	
1169	288	
1170	320	
1171	311	
1172	310	
1173	293	
1174	255	
1175	247	
1176	238	
1177	203	
1178	176	
1179	179	
1180	174	
1181	163	
1182	159	
1183	157	
1184	138	
1185	182	
1186	150	
1187	137	
1188	140	
1189	132	
1190	154	
1191	142	
1192	135	
1193	160	
1194	137	
1195	147	
1196	136	
1197	132	
1198	160	
1199	155	
1200	143	
1201	152	
1202	155	
1203	177	
1204	187	
1205	187	
1206	184	
1207	226	
1208	202	
1209	223	
1210	232	
1211	244	
1212	295	
1213	282	
1214	284	
1215	304	
1216	299	
1217	269	
1218	263	
1219	265	
1220	233	
1221	213	
1222	193	
1223	205	
1224	193	
1225	207	
1226	217	
1227	219	
1228	226	
1229	251	
1230	247	
1231	278	
1232	274	
1233	302	
1234	311	
1235	319	
1236	365	
1237	352	
1238	326	
1239	302	
1240	282	
1241	246	
1242	235	
1243	224	
1244	203	
1245	202	
1246	206	
1247	208	
1248	208	
1249	213	
1250	225	
1251	218	
1252	245	
1253	242	
1254	268	
1255	298	
1256	296	
1257	298	
1258	273	
1259	256	
1260	231	
1261	212	
1262	174	
1263	174	
1264	163	
1265	145	
1266	143	
1267	154	
1268	153	
1269	142	
1270	168	
1271	130	
1272	170	
1273	137	
1274	136	
1275	149	
1276	157	
1277	138	
1278	139	
1279	144	
1280	141	
1281	160	
1282	170	
1283	163	
1284	187	
1285	187	
1286	207	
1287	217	
1288	239	
1289	245	
1290	269	
1291	275	
1292	286	
1293	283	
1294	278	
1295	274	
1296	265	
1297	237	
1298	242	
1299	205	
1300	197	
1301	219	
1302	215	
1303	215	
1304	223	
1305	241	
1306	238	
1307	285	
1308	278	
1309	351	
1310	310	
1311	331	
1312	326	
1313	325	
1314	289	
1315	246	
1316	240	
1317	212	
1318	203	
1319	195	
1320	204	
1321	207	
1322	206	
1323	226	
1324	218	
1325	241	
1326	255	
1327	251	
1328	273	
1329	262	
1330	287	
1331	257	
1332	218	
1333	205	
1334	179	
1335	168	
1336	189	
1337	151	
1338	132	
1339	139	
1340	142	
1341	135	
1342	131	
1343	135	
1344	138	
1345	141	
1346	124	
1347	144	
1348	173	
1349	160	
1350	147	
1351	160	
1352	220	
1353	177	
1354	185	
1355	215	
1356	224	
1357	235	
1358	247	
1359	252	
1360	272	
1361	293	
1362	307	
1363	244	
1364	221	
1365	207	
1366	209	
1367	262	
1368	207	
1369	218	
1370	219	
1371	230	
1372	251	
1373	265	
1374	295	
1375	288	
1376	309	
1377	319	
1378	291	
1379	273	
1380	271	
1381	226	
1382	209	
1383	198	
1384	199	
1385	202	
1386	202	
1387	232	
1388	232	
1389	228	
1390	274	
1391	252	
1392	272	
1393	244	
1394	250	
1395	218	
1396	228	
1397	164	
1398	151	
1399	144	
1400	135	
1401	123	
1402	128	
1403	128	
1404	115	
1405	128	
1406	137	
1407	127	
1408	139	
1409	145	
1410	158	
1411	150	
1412	163	
1413	173	
1414	181	
1415	200	
1416	216	
1417	226	
1418	247	
1419	247	
1420	255	
1421	285	
1422	257	
1423	233	
1424	230	
1425	240	
1426	221	
1427	232	
1428	212	
1429	216	
1430	214	
1431	256	
1432	247	
1433	271	
1434	280	
1435	281	
1436	284	
1437	298	
1438	264	
1439	239	
1440	214	
1441	235	
1442	202	
1443	187	
1444	232	
1445	220	
1446	225	
1447	244	
1448	238	
1449	245	
1450	244	
1451	224	
1452	229	
1453	188	
1454	175	
1455	141	
1456	153	
1457	147	
1458	137	
1459	125	
1460	133	
1461	138	
1462	187	
1463	139	
1464	151	
1465	180	
1466	150	
1467	201	
1468	171	
1469	164	
1470	212	
1471	197	
1472	220	
1473	224	
1474	246	
1475	263	
1476	254	
1477	255	
1478	240	
1479	202	
1480	201	
1481	212	
1482	222	
1483	215	
1484	213	
1485	230	
1486	238	
1487	267	
1488	303	
1489	282	
1490	269	
1491	262	
1492	236	
1493	206	
1494	209	
1495	201	
1496	195	
1497	205	
1498	239	
1499	221	
1500	223	
1501	238	
1502	232	
1503	261	
1504	217	
1505	198	
1506	170	
1507	156	
1508	150	
1509	139	
1510	138	
1511	149	
1512	133	
1513	138	
1514	147	
1515	173	
1516	161	
1517	152	
1518	163	
1519	159	
1520	174	
1521	183	
1522	185	
1523	236	
1524	246	
1525	256	
1526	245	
1527	248	
1528	242	
1529	224	
1530	215	
1531	222	
1532	203	
1533	218	
1534	214	
1535	235	
1536	254	
1537	245	
1538	267	
1539	278	
1540	277	
1541	255	
1542	220	
1543	218	
1544	202	
1545	205	
1546	217	
1547	221	
1548	226	
1549	238	
1550	237	
1551	220	
1552	248	
1553	242	
1554	209	
1555	188	
1556	166	
1557	141	
1558	154	
1559	132	
1560	143	
1561	138	
1562	167	
1563	139	
1564	150	
1565	145	
1566	155	
1567	165	
1568	174	
1569	189	
1570	190	
1571	204	
1572	216	
1573	238	
1574	250	
1575	240	
1576	247	
1577	254	
1578	218	
1579	199	
1580	220	
1581	216	
1582	222	
1583	253	
1584	258	
1585	272	
1586	288	
1587	270	
1588	247	
1589	220	
1590	209	
1591	190	
1592	222	
1593	190	
1594	191	
1595	217	
1596	210	
