0	134.3333	
1	157.6628	
2	180.9766	
3	208.3350	
4	207.9967	
5	221.9498	
6	260.2614	
7	279.7213	
8	261.0000	
9	243.1356	
10	197.0837	
11	179.3119	
12	170.4706	
13	141.6812	
14	144.9297	
15	151.4045	
16	136.7113	
17	125.0711	
18	111.0602	
19	113.8251	
20	132.7225	
21	131.8946	
22	142.6912	
23	163.5381	
24	202.2008	
25	184.2845	
26	197.8042	
27	216.9774	
28	218.0234	
29	231.2865	
30	240.2524	
31	178.7138	
32	154.5149	
33	158.8692	
34	139.7900	
35	128.4114	
36	126.8795	
37	156.9649	
38	174.9222	
39	120.5144	
40	123.2343	
41	111.8971	
42	125.7188	
43	156.4603	
44	179.2946	
45	164.9247	
46	172.5255	
47	194.7303	
48	241.0374	
49	270.7623	
50	259.6123	
51	223.6625	
52	175.3624	
53	166.3548	
54	148.4086	
55	160.2636	
56	243.5163	
57	282.1646	
58	128.8284	
59	122.0000	
60	119.4672	
61	111.1531	
62	118.9057	
63	156.2625	
64	166.9523	
65	147.8047	
66	134.0940	
67	151.1808	
68	211.4393	
69	290.4943	
70	254.4100	
71	248.1517	
72	281.6625	
73	290.0234	
74	235.1888	
75	234.0642	
76	209.1389	
77	176.7629	
78	176.7094	
79	219.1406	
80	222.9847	
81	162.3671	
82	140.0686	
83	144.8240	
84	168.0575	
85	163.0879	
86	130.5607	
87	162.4190	
88	147.7933	
89	157.1384	
90	142.4589	
91	143.6192	
92	154.6153	
93	163.6848	
94	204.3406	
95	284.9219	
96	309.0675	
97	246.4209	
98	275.2363	
99	200.5227	
100	182.3598	
101	188.7794	
102	201.2441	
103	210.7180	
104	148.1308	
105	147.9456	
106	172.3925	
107	181.0151	
108	183.3819	
109	127.8209	
110	113.5397	
111	149.7015	
112	180.9054	
113	119.0181	
114	131.7292	
115	150.7238	
116	167.3107	
117	192.7411	
118	223.1849	
119	207.9046	
120	235.1980	
121	239.9071	
122	240.8700	
123	256.3478	
124	220.2075	
125	200.1813	
126	161.5091	
127	169.3205	
128	182.0114	
129	143.6477	
130	125.0586	
131	119.0134	
132	137.1105	
133	135.8887	
134	132.9688	
135	119.8173	
136	143.5858	
137	177.1930	
138	108.9484	
139	118.3565	
140	151.3682	
141	218.4700	
142	212.8946	
143	195.6951	
144	215.7950	
145	255.1590	
146	297.5370	
147	278.5066	
148	240.1239	
149	233.6234	
150	213.0893	
151	184.3406	
152	167.4722	
153	149.9308	
154	146.6787	
155	157.1980	
156	139.5222	
157	138.8176	
158	150.4792	
159	128.8212	
160	121.8661	
161	130.9222	
162	141.9490	
163	128.4393	
164	125.9607	
165	117.3208	
166	135.8703	
167	141.2795	
168	135.5676	
169	137.4377	
170	160.7211	
171	194.9972	
172	220.0000	
173	219.4298	
174	224.5504	
175	242.9916	
176	264.2017	
177	275.7520	
178	209.9431	
179	209.5950	
180	161.9637	
181	165.7774	
182	221.7718	
183	330.0407	
184	141.4360	
185	144.7894	
186	160.0960	
187	159.5648	
188	133.5057	
189	122.2806	
190	126.3640	
191	149.5629	
192	165.4572	
193	112.2360	
194	126.9350	
195	141.0739	
196	132.2117	
197	163.7107	
198	159.1774	
199	193.0017	
200	217.6123	
201	224.5361	
202	248.9531	
203	234.9124	
204	244.7079	
205	282.1757	
206	222.2075	
207	251.8109	
208	197.9431	
209	176.7743	
210	155.3068	
211	159.4285	
212	209.4675	
213	156.7562	
214	126.6619	
215	158.4812	
216	171.7958	
217	126.2728	
218	141.1713	
219	161.8485	
220	115.7280	
221	183.4653	
222	302.6761	
223	121.8661	
224	102.9794	
225	117.7643	
226	130.0536	
227	139.6513	
228	189.0396	
229	158.1732	
230	206.4644	
231	175.0669	
232	244.0084	
233	357.7780	
234	309.6179	
235	280.5188	
236	282.2351	
237	310.3278	
238	302.7331	
239	294.0000	
240	262.4100	
241	226.6862	
242	202.8608	
243	193.9258	
244	159.7749	
245	180.1548	
246	188.8820	
247	164.6109	
248	174.5470	
249	160.2357	
250	188.3724	
251	195.0000	
252	192.6326	
253	203.8678	
254	230.9015	
255	150.7922	
256	118.7389	
257	142.4589	
258	128.7046	
259	163.1481	
260	208.9163	
261	155.4524	
262	118.5615	
263	140.1582	
264	173.6781	
265	136.7448	
266	155.7409	
267	172.3434	
268	216.5699	
269	269.4491	
270	399.9470	
271	209.7423	
272	218.2686	
273	243.4569	
274	244.3950	
275	252.5579	
276	225.1040	
277	206.4636	
278	194.5822	
279	173.0000	
280	172.4895	
281	167.9406	
282	153.6519	
283	143.8510	
284	168.8775	
285	185.9079	
286	156.3364	
287	129.5983	
288	143.3980	
289	126.0870	
290	140.9121	
291	125.8516	
292	154.1992	
293	131.9872	
294	117.9576	
295	108.0586	
296	140.4709	
297	121.2681	
298	146.4979	
299	145.9980	
300	181.4798	
301	203.0552	
302	145.9674	
303	176.4834	
304	187.2485	
305	198.9233	
306	224.3127	
307	208.9264	
308	233.0000	
309	248.0756	
310	284.6192	
311	251.8081	
312	234.0739	
313	239.4201	
314	287.2552	
315	239.0544	
316	229.0192	
317	226.0000	
318	214.0131	
319	174.5565	
320	191.6513	
321	242.4017	
322	159.5908	
323	145.1082	
324	133.9718	
325	137.0000	
326	139.4240	
327	143.6103	
328	132.5163	
329	129.7922	
330	126.4826	
331	126.5540	
332	119.5928	
333	111.7596	
334	114.6025	
335	130.0781	
336	137.9682	
337	122.9573	
338	125.7609	
339	123.0898	
340	117.4770	
341	126.3847	
342	141.6722	
343	128.5464	
344	163.4544	
345	140.5049	
346	159.4996	
347	183.4616	
348	207.1484	
349	181.6962	
350	177.5997	
351	209.1233	
352	237.2971	
353	230.9250	
354	261.1729	
355	274.1381	
356	296.7451	
357	274.4025	
358	292.5414	
359	326.0399	
360	311.6611	
361	354.3858	
362	262.0912	
363	271.7849	
364	281.6954	
365	270.1088	
366	220.7626	
367	236.7916	
368	293.9350	
369	187.0000	
370	182.3975	
371	171.1372	
372	186.1478	
373	186.1021	
374	173.4580	
375	178.4310	
376	192.0561	
377	185.5378	
378	146.8368	
379	158.6192	
380	135.4589	
381	171.8789	
382	119.2678	
383	141.7225	
384	193.3573	
385	178.3431	
386	117.0929	
387	133.4923	
388	118.9004	
389	124.0234	
390	125.1618	
391	105.8971	
392	118.6315	
393	150.4340	
394	134.9456	
395	101.5621	
396	113.2404	
397	150.1364	
398	187.6602	
399	131.7796	
400	120.4519	
401	117.0806	
402	140.5944	
403	118.5113	
404	146.7651	
405	149.9149	
406	146.9230	
407	180.0555	
408	193.1704	
409	185.4276	
410	214.1827	
411	209.2466	
412	252.1264	
413	244.8555	
414	228.6929	
415	225.0879	
416	231.6075	
417	238.3958	
418	231.1674	
419	236.8354	
420	232.2427	
421	242.2728	
422	232.9813	
423	222.2153	
424	230.5272	
425	251.7713	
426	225.7824	
427	216.1423	
428	214.5863	
429	178.5043	
430	176.6276	
431	191.2787	
432	199.4053	
433	212.2126	
434	204.2968	
435	171.3640	
436	173.2343	
437	201.0519	
438	223.8284	
439	143.3197	
440	148.2092	
441	135.0516	
442	140.2603	
443	142.2731	
444	134.0948	
445	143.2552	
446	166.1766	
447	214.9699	
448	138.3749	
449	134.7515	
450	124.5969	
451	107.3205	
452	120.0000	
453	119.1721	
454	114.7598	
455	112.6834	
456	118.0527	
457	118.7623	
458	179.1704	
459	115.5364	
460	106.8201	
461	118.1897	
462	147.3420	
463	136.7958	
464	131.5141	
465	124.9958	
466	154.5791	
467	116.8240	
468	162.8326	
469	116.4176	
470	117.9554	
471	106.8469	
472	123.7816	
473	118.4237	
474	129.5866	
475	139.4812	
476	202.9610	
477	144.3964	
478	138.6000	
479	163.3911	
480	184.2134	
481	174.9582	
482	207.8402	
483	179.0000	
484	176.4218	
485	168.1785	
486	175.6156	
487	181.4544	
488	225.4363	
489	213.0307	
490	204.8033	
491	204.5891	
492	231.7079	
493	314.7891	
494	238.8268	
495	233.6095	
496	235.8996	
497	256.0887	
498	269.5004	
499	256.9414	
500	266.9386	
501	280.2268	
502	298.3272	
503	277.7883	
504	266.7939	
505	302.3766	
506	282.7565	
507	348.5060	
508	264.3239	
509	288.8951	
510	272.1660	
511	259.4151	
512	332.8544	
513	267.6784	
514	236.1682	
515	261.5161	
516	223.0834	
517	226.7046	
518	213.0644	
519	254.4513	
520	255.5858	
521	216.5040	
522	222.0614	
523	221.3741	
524	231.1336	
525	224.2036	
526	266.2192	
527	185.5900	
528	211.1163	
529	208.0117	
530	176.3389	
531	190.8148	
532	192.7741	
533	208.3239	
534	212.8591	
535	173.8912	
536	214.3381	
537	263.5002	
538	190.7531	
539	160.4045	
540	188.2692	
541	189.3783	
542	199.8926	
543	160.0912	
544	164.8184	
545	174.3347	
546	209.0519	
547	153.5540	
548	145.9172	
549	143.3425	
550	155.9791	
551	177.2153	
552	216.6784	
553	145.2234	
554	158.7484	
555	154.9637	
556	164.5347	
557	160.5933	
558	138.2851	
559	178.2092	
560	193.3612	
561	132.1222	
562	139.8812	
563	129.4711	
564	143.3690	
565	205.7657	
566	143.3863	
567	161.5476	
568	146.8519	
569	141.0801	
570	179.2929	
571	161.8736	
572	178.3964	
573	146.3060	
574	148.0234	
575	163.3529	
576	129.2519	
577	157.7941	
578	128.8605	
579	135.5774	
580	142.3389	
581	119.6243	
582	153.1144	
583	207.8536	
584	200.9219	
585	142.5760	
586	120.4904	
587	120.7135	
588	144.6669	
589	186.5197	
590	136.1813	
591	144.0218	
592	151.3088	
593	134.4736	
594	119.8499	
595	153.0795	
596	236.8053	
597	173.1601	
598	132.1682	
599	123.0000	
600	124.3278	
601	136.6335	
602	167.6466	
603	187.1099	
604	203.6577	
605	131.3291	
606	133.1643	
607	138.4285	
608	162.8011	
609	165.6251	
610	142.4644	
611	182.5291	
612	158.0268	
613	236.6812	
614	138.1344	
615	143.1911	
616	136.9004	
617	129.3858	
618	148.6095	
619	153.3046	
620	134.4812	
621	140.2022	
622	156.2008	
623	151.3618	
624	148.9556	
625	151.6151	
626	137.8890	
627	132.7922	
628	145.0661	
629	183.7372	
630	163.2064	
631	172.1682	
632	158.0993	
633	159.9241	
634	143.1640	
635	168.8131	
636	174.7757	
637	254.5013	
638	160.8050	
639	137.5347	
640	136.3933	
641	144.0000	
642	145.3883	
643	157.1573	
644	180.9222	
645	183.8522	
646	180.5757	
647	217.7584	
648	161.4577	
649	163.2385	
650	162.6485	
651	197.5674	
652	262.1874	
653	170.5702	
654	184.5473	
655	185.1632	
656	202.8497	
657	199.4488	
658	184.1013	
659	180.7941	
660	188.9107	
661	179.0854	
662	193.6761	
663	208.2580	
664	207.9992	
665	229.6694	
666	220.8195	
667	216.3565	
668	228.2360	
669	218.5869	
670	219.5105	
671	207.6310	
672	227.6683	
673	252.9615	
674	246.9584	
675	284.4658	
676	293.3540	
677	257.8326	
678	244.1347	
679	240.8711	
680	252.0000	
681	251.7133	
682	255.7238	
683	286.7152	
684	274.9821	
685	316.1715	
686	273.2962	
687	273.3442	
688	325.5347	
689	260.3063	
690	255.0711	
691	281.3607	
692	261.1378	
693	304.5587	
694	264.3013	
695	255.1185	
696	224.8608	
697	230.9456	
698	273.5841	
699	262.9755	
700	217.2803	
701	239.1771	
702	205.4245	
703	185.3331	
704	205.0675	
705	230.1660	
706	187.6820	
707	192.1361	
708	191.6416	
709	183.0000	
710	177.4533	
711	144.1601	
712	155.5749	
713	140.2689	
714	141.8658	
715	149.8368	
716	196.3110	
717	129.9333	
718	148.4678	
719	140.8840	
720	117.5774	
721	141.1322	
722	139.3612	
723	118.4452	
724	104.1967	
725	157.6583	
726	105.8603	
727	86.0443	
728	97.9501	
729	131.0000	
730	139.8201	
731	193.5640	
732	149.7676	
733	106.6703	
734	138.0561	
735	97.0307	
736	137.6159	
737	137.2996	
738	149.1757	
739	120.5833	
740	106.5384	
741	129.6987	
742	160.6602	
743	106.0259	
744	127.7548	
745	131.4937	
746	133.9001	
747	213.2530	
748	142.7381	
749	170.8993	
750	135.7448	
751	146.3255	
752	180.5400	
753	157.8494	
754	172.8452	
755	184.7727	
756	173.3060	
757	159.9866	
758	205.1941	
759	222.0946	
760	229.7573	
761	250.8803	
762	395.2594	
763	236.5180	
764	236.8471	
765	276.1548	
766	345.0761	
767	251.3132	
768	264.2159	
769	293.5849	
770	326.8201	
771	268.8385	
772	292.9498	
773	307.5841	
774	249.6513	
775	234.1088	
776	250.5844	
777	252.9013	
778	235.1389	
779	221.1160	
780	219.2218	
781	194.6510	
782	173.6081	
783	204.2881	
784	168.9172	
785	172.3403	
786	142.7451	
787	134.9347	
788	148.6376	
789	138.2265	
790	136.7238	
791	114.4934	
792	141.2131	
793	132.3088	
794	110.5526	
795	106.8884	
796	102.9950	
797	80.5543	
798	92.6678	
799	93.3138	
800	118.3473	
801	103.4614	
802	107.2243	
803	222.4890	
804	87.8909	
805	87.8703	
806	97.7127	
807	117.7272	
808	100.2954	
809	111.4307	
810	116.2887	
811	127.1071	
812	134.7305	
813	184.5001	
814	134.3573	
815	169.8340	
816	164.8630	
817	202.0987	
818	176.0457	
819	234.5317	
820	231.8326	
821	305.9849	
822	220.8324	
823	229.1414	
824	242.1046	
825	276.6374	
826	341.2502	
827	325.4868	
828	319.7715	
829	308.1833	
830	313.6248	
831	412.2067	
832	299.8100	
833	322.2474	
834	440.8814	
835	285.8912	
836	265.2976	
837	252.8960	
838	271.9297	
839	210.3833	
840	226.4547	
841	176.6912	
842	186.1509	
843	209.0106	
844	156.6435	
845	192.9107	
846	285.8664	
847	127.0971	
848	126.8385	
849	134.2410	
850	286.2343	
851	108.3688	
852	94.4352	
853	109.1448	
854	118.6683	
855	109.8884	
856	141.3264	
857	89.0742	
858	109.9400	
859	119.8435	
860	124.7294	
861	93.5590	
862	99.7431	
863	106.1665	
864	98.5540	
865	120.2929	
866	266.4084	
867	126.8491	
868	174.6351	
869	169.7269	
870	158.1785	
871	175.0611	
872	228.8831	
873	255.0360	
874	224.4628	
875	222.4812	
876	262.1822	
877	301.4519	
878	266.2379	
879	282.7902	
880	321.2971	
881	314.1752	
882	307.1819	
883	215.5222	
884	222.6483	
885	235.5900	
886	187.3624	
887	168.7113	
888	155.6851	
889	163.2561	
890	160.0446	
891	96.7632	
892	105.7607	
893	116.0218	
894	135.5651	
895	110.4226	
896	123.9149	
897	101.6650	
898	107.0117	
899	85.5780	
900	95.9498	
901	138.7699	
902	123.0385	
903	104.5024	
904	144.4870	
905	149.5955	
906	145.1612	
907	152.3021	
908	211.7191	
909	197.7180	
910	205.6025	
911	206.6245	
912	268.2109	
913	226.8318	
914	266.7409	
915	339.6736	
916	265.3113	
917	268.6898	
918	263.3774	
919	241.6904	
920	216.8382	
921	252.3757	
922	264.0502	
923	199.0683	
924	140.0583	
925	156.2385	
926	190.0723	
927	125.9707	
928	227.9883	
929	115.4064	
930	109.9219	
931	130.3180	
932	84.4402	
933	89.7808	
934	91.4410	
935	144.2287	
936	95.4943	
937	91.6628	
938	124.4946	
939	104.5715	
940	100.2803	
941	116.7874	
942	118.7989	
943	181.9297	
944	179.1096	
945	163.8326	
946	289.9992	
947	227.0815	
948	280.0020	
949	255.5389	
950	291.1618	
951	309.4502	
952	345.6435	
953	380.7849	
954	362.7227	
955	340.9833	
956	284.1333	
957	268.0167	
958	211.0745	
959	195.4985	
960	160.3933	
961	166.3916	
962	169.2703	
963	129.5470	
964	123.3222	
965	125.8828	
966	97.4273	
967	138.7874	
968	216.8449	
969	108.6675	
970	76.0711	
971	107.5623	
972	114.4449	
973	92.4862	
974	114.4452	
975	110.7252	
976	177.9908	
977	102.8851	
978	133.6343	
979	160.6268	
980	187.3794	
981	208.2240	
982	198.4360	
983	241.7900	
984	315.0572	
985	267.8828	
986	267.0494	
987	282.1434	
988	253.4435	
989	274.0695	
990	224.9135	
991	203.5858	
992	147.0000	
993	147.1690	
994	151.2895	
995	177.0167	
996	236.6181	
997	94.1105	
998	95.8351	
999	92.8360	
1000	90.0000	
1001	90.7035	
1002	103.8075	
1003	119.3925	
1004	142.4017	
1005	114.1590	
1006	118.3180	
1007	142.4720	
1008	153.0343	
1009	191.3490	
1010	218.5286	
1011	267.4636	
1012	310.9582	
1013	272.7462	
1014	268.0505	
1015	268.7490	
1016	261.7531	
1017	217.8580	
1018	194.1732	
1019	159.0000	
1020	159.7810	
1021	172.8644	
1022	129.2628	
1023	95.9116	
1024	112.9506	
1025	93.2803	
1026	120.4142	
1027	145.7665	
1028	81.3043	
1029	107.2591	
1030	93.7950	
1031	131.0000	
1032	130.0907	
1033	113.0335	
1034	155.9102	
1035	154.0893	
1036	157.0644	
1037	180.8374	
1038	200.7517	
1039	239.2176	
1040	249.0586	
1041	359.5824	
1042	327.1891	
1043	309.5936	
1044	321.9049	
1045	294.9916	
1046	247.0050	
1047	201.0826	
1048	201.4008	
1049	164.0000	
1050	164.4854	
1051	173.3891	
1052	112.0371	
1053	136.6039	
1054	125.7414	
1055	97.4212	
1056	155.6430	
1057	121.6151	
1058	111.6943	
1059	105.2519	
1060	135.6443	
1061	103.3922	
1062	165.1484	
1063	167.8586	
1064	142.4580	
1065	259.1660	
1066	236.1364	
1067	214.3925	
1068	253.3816	
1069	290.7891	
1070	288.5216	
1071	381.9185	
1072	265.6326	
1073	197.8089	
1074	164.3713	
1075	173.5272	
1076	130.1370	
1077	105.2304	
1078	111.7389	
1079	103.7088	
1080	94.5830	
1081	82.8268	
1082	107.3696	
1083	88.5311	
1084	104.8452	
1085	102.0865	
1086	171.9222	
1087	293.4753	
1088	180.7462	
1089	207.0697	
1090	274.7657	
1091	267.3771	
1092	282.9018	
1093	377.2159	
1094	247.7183	
1095	237.5816	
1096	221.7021	
1097	176.4374	
1098	190.1060	
1099	125.0795	
1100	236.4700	
1101	214.2993	
1102	113.2996	
1103	88.0522	
1104	127.7462	
1105	118.4268	
1106	133.9821	
1107	94.6873	
1108	121.9757	
1109	121.3598	
1110	136.0000	
1111	136.1640	
1112	144.3660	
1113	202.8920	
1114	242.1749	
1115	293.3794	
1116	312.4019	
1117	416.9548	
1118	324.0335	
1119	279.5972	
1120	260.3096	
1121	226.9473	
1122	176.4095	
1123	148.2611	
1124	160.2078	
1125	120.7071	
1126	106.0385	
1127	108.3794	
1128	130.7473	
1129	273.6192	
1130	198.2231	
1131	101.8393	
1132	93.3163	
1133	110.8616	
1134	104.2251	
1135	175.7866	
1136	221.1936	
1137	176.0577	
1138	360.1556	
1139	246.2343	
1140	261.0614	
1141	264.5782	
1142	236.9113	
1143	231.0580	
1144	233.9757	
1145	164.1576	
1146	244.4282	
1147	131.0000	
1148	130.6329	
1149	103.7057	
1150	157.2218	
1151	96.6505	
1152	148.2204	
1153	84.8904	
1154	159.4167	
1155	109.9596	
1156	194.6628	
1157	164.4134	
1158	203.2580	
1159	228.7130	
1160	298.9707	
1161	295.7629	
1162	270.8527	
1163	254.4912	
1164	197.6628	
1165	158.9163	
1166	148.8867	
1167	134.7735	
1168	106.1280	
1169	123.0290	
1170	126.8117	
1171	100.0536	
1172	108.0962	
1173	122.8773	
1174	103.1289	
1175	125.1451	
1176	151.0318	
1177	157.0351	
1178	164.0948	
1179	184.2856	
1180	248.1590	
1181	286.2538	
1182	351.0290	
1183	358.8795	
1184	322.8128	
1185	262.2315	
1186	344.5707	
1187	173.9040	
1188	130.9473	
1189	104.0100	
1190	109.9693	
1191	88.0067	
1192	94.0109	
1193	106.9911	
1194	91.0078	
1195	119.0000	
