0	335.0000	
1	341.0964	
2	394.1123	
3	277.8234	
4	247.8085	
5	232.4056	
6	236.8882	
7	205.0857	
8	177.7240	
9	241.4443	
10	263.4752	
11	229.1756	
12	317.8027	
13	334.8569	
14	420.7441	
15	374.6887	
16	353.9103	
17	362.2912	
18	294.7019	
19	276.2561	
20	273.8630	
21	260.6108	
22	202.2490	
23	291.4731	
24	322.0064	
25	240.3732	
26	245.0412	
27	292.5358	
28	343.3143	
29	398.2735	
30	341.6838	
31	353.0016	
32	338.6808	
33	257.8500	
34	294.5604	
35	293.3968	
36	337.8941	
37	397.3865	
38	456.3151	
39	435.7957	
40	317.9009	
41	274.4234	
42	246.7048	
43	225.2040	
44	269.2746	
45	202.4082	
46	239.9130	
47	203.1593	
48	196.1327	
49	382.1600	
50	372.9919	
51	331.2171	
52	380.8900	
53	379.1929	
54	384.3429	
55	391.8163	
56	304.3454	
57	317.4072	
58	297.3811	
59	207.3265	
60	207.8500	
61	200.4379	
62	285.9249	
63	214.8070	
64	249.1128	
65	246.0288	
66	351.8742	
67	327.1678	
68	443.4912	
69	433.8574	
70	309.4286	
71	314.8552	
72	355.7064	
73	308.6114	
74	304.6311	
75	327.0554	
76	460.7423	
77	368.0527	
78	333.5837	
79	329.8304	
80	384.2174	
81	432.4872	
82	293.3209	
83	209.5016	
84	215.0889	
85	204.9971	
86	166.5657	
87	206.1683	
88	234.3648	
89	236.6074	
90	299.3366	
91	341.2800	
92	422.5469	
93	408.9539	
94	382.7712	
95	374.8691	
96	312.4233	
97	310.4465	
98	282.5067	
99	258.1376	
100	236.2157	
101	200.0891	
102	197.0282	
103	200.4866	
104	203.5475	
105	241.7619	
106	323.3286	
107	323.9245	
108	383.5629	
109	413.9184	
110	374.9514	
111	411.9096	
112	281.2571	
113	302.0710	
114	293.5732	
115	373.4461	
116	419.3250	
117	326.9427	
118	425.1549	
119	371.5454	
120	403.1454	
121	353.8346	
122	283.4925	
123	256.5518	
124	275.0427	
125	247.8021	
126	217.2527	
127	240.0596	
128	190.4880	
129	206.4827	
130	230.4810	
131	313.4838	
132	342.8604	
133	355.5600	
134	404.0628	
135	415.4794	
136	424.1785	
137	407.0848	
138	326.7480	
139	369.6587	
140	257.1587	
141	233.1614	
142	255.6822	
143	221.9648	
144	195.8799	
145	182.6414	
146	212.9717	
147	293.3644	
148	205.1635	
149	276.4658	
150	356.7836	
151	383.6244	
152	436.7973	
153	377.5834	
154	352.5486	
155	295.9180	
156	303.2081	
157	288.5425	
158	271.2497	
159	319.1261	
160	337.2624	
161	382.7441	
162	382.9266	
163	379.1668	
164	435.9776	
165	302.5883	
166	299.3076	
167	279.0554	
168	215.9124	
169	205.8313	
170	201.6181	
171	183.3022	
172	225.9580	
173	389.5091	
174	253.8874	
175	241.0000	
176	301.1814	
177	384.0968	
178	446.8991	
179	557.1329	
180	512.2128	
181	421.5454	
182	389.5441	
183	326.7136	
184	286.5725	
185	359.0512	
186	238.1337	
187	197.2417	
188	218.7546	
189	187.6857	
190	185.7085	
191	177.7251	
192	222.3413	
193	266.8611	
194	284.6099	
195	295.6184	
196	359.8000	
197	465.3066	
198	453.4672	
199	453.4630	
200	367.5196	
201	295.7987	
202	292.4688	
203	293.0476	
204	333.3717	
205	336.7464	
206	356.0493	
207	376.6085	
208	394.5039	
209	418.0615	
210	385.2381	
211	278.4990	
212	259.5446	
213	213.5556	
214	217.5300	
215	243.7201	
216	208.9398	
217	202.4229	
218	193.6571	
219	180.0771	
220	194.3673	
221	277.8977	
222	249.7951	
223	363.1687	
224	412.1670	
225	413.8118	
226	448.8424	
227	464.8133	
228	574.3026	
229	427.8549	
230	316.9028	
231	317.5810	
232	358.6315	
233	240.7458	
234	221.6046	
235	261.5364	
236	408.8973	
237	182.0318	
238	224.8800	
239	216.9359	
240	219.8844	
241	226.6476	
242	318.1805	
243	357.2130	
244	444.8924	
245	461.4445	
246	403.1492	
247	354.3730	
248	351.3715	
249	313.7530	
250	408.1283	
251	302.1723	
252	241.1898	
253	367.6371	
254	426.0815	
255	405.2251	
256	414.3596	
257	398.8092	
258	342.6337	
259	317.1486	
260	288.0949	
261	271.9873	
262	233.3797	
263	202.3040	
264	331.6402	
265	264.0379	
266	181.5067	
267	223.2069	
268	360.6350	
269	249.2381	
270	244.6550	
271	288.4654	
272	440.9431	
273	345.7295	
274	405.2237	
275	419.9870	
276	463.8484	
277	534.2597	
278	475.7481	
279	372.6223	
280	445.2857	
281	341.3768	
282	232.8385	
283	302.2448	
284	251.7706	
285	235.1986	
286	197.8183	
287	221.5155	
288	174.2120	
289	188.7082	
290	196.3340	
291	257.4911	
292	228.3473	
293	295.2793	
294	344.8089	
295	417.6997	
296	419.9229	
297	404.5834	
298	383.5763	
299	336.5397	
300	366.7557	
301	378.5771	
302	323.2587	
303	292.6655	
304	284.1338	
305	292.9456	
306	353.2523	
307	387.8742	
308	401.8197	
309	411.9343	
310	402.8367	
311	369.3748	
312	313.4928	
313	259.3677	
314	213.3028	
315	240.9206	
316	279.9258	
317	213.1208	
318	180.1214	
319	166.6956	
320	158.5967	
321	200.8179	
322	236.5943	
323	235.8237	
324	341.6540	
325	305.0554	
326	371.2920	
327	412.1747	
328	485.6375	
329	472.0857	
330	464.0492	
331	442.5736	
332	401.2731	
333	395.5003	
334	347.6465	
335	280.6197	
336	225.1676	
337	227.3475	
338	212.8221	
339	170.0012	
340	175.6122	
341	216.8953	
342	220.9109	
343	245.7200	
344	326.7921	
345	323.0256	
346	251.9855	
347	261.5597	
348	303.0399	
349	303.4644	
350	372.6667	
351	381.5181	
352	433.7423	
353	447.5010	
354	445.4370	
355	348.7143	
356	287.7296	
357	304.2248	
358	309.6086	
359	286.2268	
360	318.3647	
361	418.0047	
362	390.8761	
363	455.0307	
364	459.6971	
365	490.2339	
366	399.8732	
367	398.7026	
368	381.2734	
369	300.7885	
370	272.9679	
371	224.2184	
372	217.5757	
373	322.1669	
374	252.2932	
375	224.4542	
376	208.9910	
377	209.3395	
378	255.1708	
379	264.7327	
380	183.0343	
381	215.5026	
382	289.8623	
383	278.7757	
384	335.4867	
385	511.2857	
386	484.8075	
387	516.2264	
388	487.4616	
389	511.0393	
390	586.3829	
391	486.5839	
392	395.6667	
393	327.6993	
394	276.4796	
395	248.9793	
396	211.8639	
397	228.6539	
398	203.3988	
399	187.7606	
400	224.0816	
401	239.3373	
402	213.9994	
403	277.5159	
404	245.8246	
405	221.5040	
406	362.9657	
407	257.7195	
408	471.4738	
409	398.2121	
410	367.0538	
411	386.8605	
412	458.8226	
413	453.4921	
414	502.8119	
415	412.2449	
416	344.6377	
417	354.0911	
418	308.1383	
419	254.5854	
420	311.8254	
421	318.4268	
422	246.3785	
423	317.7404	
424	640.0677	
425	639.6829	
426	431.6575	
427	445.6800	
428	495.7850	
429	439.3654	
430	390.1312	
431	347.7906	
432	339.5459	
433	274.6560	
434	227.3746	
435	247.2203	
436	260.5862	
437	207.8012	
438	212.6584	
439	234.6723	
440	185.2034	
441	180.9689	
442	198.5692	
443	199.7163	
444	185.1577	
445	197.4052	
446	211.3668	
447	275.2718	
448	255.1429	
449	280.7485	
450	334.2501	
451	500.7381	
452	510.0473	
453	543.0850	
454	595.0262	
455	511.2381	
456	494.5482	
457	436.2466	
458	406.4474	
459	303.2461	
460	273.3790	
461	235.1084	
462	233.4679	
463	226.8125	
464	172.5951	
465	198.2864	
466	188.7664	
467	177.6944	
468	172.3910	
469	203.1714	
470	201.5591	
471	227.2936	
472	217.3887	
473	259.6198	
474	266.4355	
475	221.9738	
476	258.3225	
477	272.4845	
478	354.6145	
479	380.1362	
480	388.1150	
481	474.4429	
482	520.3788	
483	450.0127	
484	406.8385	
485	379.0645	
486	349.8329	
487	301.7810	
488	355.7588	
489	317.7285	
490	290.0000	
491	309.9798	
492	289.4950	
493	291.2125	
494	333.5998	
495	397.0424	
496	421.9807	
497	434.4248	
498	495.7364	
499	542.8386	
500	393.7166	
501	400.2598	
502	402.1414	
503	339.4057	
504	279.9244	
505	259.9125	
506	229.8504	
507	208.6902	
508	200.1530	
509	211.3346	
510	228.5873	
511	169.3886	
512	203.3566	
513	204.3918	
514	198.1479	
515	222.5711	
516	196.2635	
517	221.5975	
518	215.7244	
519	203.6110	
520	287.9359	
521	296.8318	
522	324.3474	
523	335.1257	
524	347.4289	
525	556.4445	
526	478.5909	
527	538.6434	
528	531.3638	
529	564.5195	
530	524.2698	
531	452.4774	
532	445.7543	
533	393.4412	
534	357.8727	
535	322.3469	
536	248.0306	
537	239.7447	
538	241.4177	
539	216.7867	
540	218.7771	
541	178.0524	
542	192.3967	
543	197.9276	
544	283.4997	
545	243.0952	
546	189.2349	
547	267.9883	
548	245.4453	
549	263.1410	
550	195.9883	
551	207.0475	
552	324.7122	
553	368.0343	
554	275.4147	
555	330.6540	
556	456.5250	
557	337.1146	
558	351.1670	
559	477.8161	
560	527.9207	
561	609.3469	
562	468.6296	
563	530.7661	
564	471.7828	
565	415.3411	
566	346.2583	
567	307.5479	
568	286.1271	
569	322.4785	
570	251.8209	
571	261.2196	
572	251.9457	
573	241.1735	
574	275.7429	
575	297.5458	
576	319.8837	
577	375.3425	
578	406.7774	
579	414.4263	
580	448.0233	
581	486.1848	
582	463.7183	
583	415.3553	
584	404.7768	
585	369.8558	
586	380.4760	
587	349.6869	
588	275.4355	
589	242.7745	
590	221.9375	
591	246.3590	
592	252.9339	
593	228.7029	
594	219.9740	
595	227.4286	
596	221.5347	
597	220.1374	
598	481.4405	
599	469.6595	
600	224.9491	
601	254.2417	
602	193.1740	
603	206.4074	
604	194.1474	
605	218.3236	
606	206.6496	
607	206.6252	
608	241.4132	
609	380.1651	
610	318.9271	
611	319.1913	
612	306.5230	
613	391.0924	
614	411.6758	
615	473.8643	
616	613.0914	
617	658.2171	
618	624.0269	
619	898.7248	
620	502.7810	
621	500.9774	
622	459.3417	
623	485.9962	
624	367.4860	
625	332.3644	
626	308.9666	
627	300.9632	
628	326.4224	
629	338.6666	
630	288.2540	
631	286.9367	
632	300.2518	
633	212.2348	
634	217.8987	
635	216.1720	
636	196.2317	
637	194.5200	
638	290.5330	
639	171.9383	
640	192.8542	
641	239.7797	
642	252.5723	
643	210.1789	
644	205.7041	
645	226.3340	
646	211.9474	
647	303.2069	
648	293.4570	
649	210.2651	
650	246.6842	
651	247.0343	
652	311.1252	
653	297.9010	
654	356.7929	
655	393.6501	
656	396.9810	
657	392.0621	
658	461.1486	
659	484.0910	
660	505.0528	
661	467.3227	
662	477.1099	
663	455.0718	
664	412.0454	
665	375.0794	
666	355.0675	
667	324.1991	
668	396.6245	
669	344.1310	
670	260.6647	
671	296.6840	
672	263.7714	
673	266.7993	
674	287.4798	
675	285.8186	
676	348.5161	
677	292.1727	
678	298.6190	
679	336.1543	
680	340.4078	
681	381.7469	
682	404.3822	
683	432.6172	
684	472.2921	
685	489.1837	
686	557.2889	
687	502.7188	
688	477.5092	
689	428.2220	
690	437.4052	
691	401.3699	
692	351.3230	
693	497.2946	
694	395.7520	
695	370.5530	
696	306.2347	
697	246.2717	
698	309.2536	
699	240.7150	
700	287.1429	
701	310.1846	
702	211.9588	
703	294.5319	
704	215.2953	
705	195.8141	
706	186.4468	
707	191.0425	
708	195.4144	
709	295.9349	
710	236.9793	
711	204.2764	
712	166.6647	
713	184.8827	
714	179.6165	
715	201.6356	
716	227.9147	
717	226.1932	
718	202.7188	
719	214.1564	
720	292.1905	
721	256.9371	
722	231.8138	
723	210.5280	
724	346.4031	
725	294.7097	
726	316.0324	
727	480.2358	
728	292.1670	
729	309.5813	
730	302.0379	
731	368.1468	
732	457.1623	
733	395.4720	
734	443.6199	
735	429.1111	
736	478.1877	
737	500.6701	
738	523.3514	
739	537.0119	
740	580.3738	
741	595.2485	
742	566.6686	
743	560.6284	
744	457.0304	
745	518.0991	
746	475.7967	
747	436.2928	
748	490.9641	
749	345.7574	
750	347.4185	
751	338.6232	
752	327.5025	
753	285.9753	
754	286.6309	
755	266.4688	
756	242.8438	
757	286.9449	
758	353.5922	
759	270.3747	
760	242.1720	
761	223.9642	
762	250.2339	
763	229.5200	
764	225.4718	
765	241.6288	
766	185.6163	
767	194.3195	
768	173.1708	
769	196.3376	
770	186.3810	
771	174.1099	
772	179.2546	
773	169.1227	
774	195.8594	
775	180.1341	
776	192.7405	
777	186.3149	
778	172.7563	
779	236.0593	
780	203.4253	
781	200.5256	
782	233.2814	
783	190.5123	
784	213.5600	
785	302.5960	
786	239.9507	
787	268.2527	
788	271.7866	
789	263.1336	
790	272.9009	
791	260.2470	
792	297.3752	
793	287.2921	
794	291.8684	
795	315.3579	
796	322.8510	
797	315.5981	
798	311.6730	
799	325.3661	
800	335.0936	
801	421.4648	
802	424.6828	
803	395.6207	
804	423.9941	
805	479.7143	
806	468.0760	
807	485.8400	
808	493.1734	
809	518.4830	
810	615.1218	
811	457.1734	
812	452.8279	
813	460.8148	
814	466.9951	
815	448.7250	
816	440.2704	
817	413.5699	
818	388.3007	
819	395.8908	
820	407.9563	
821	352.8064	
822	360.5621	
823	335.3873	
824	360.9317	
825	351.3939	
826	328.7771	
827	323.7440	
828	341.7708	
829	314.4624	
830	292.0768	
831	306.8889	
832	327.2124	
833	340.7956	
834	271.0351	
835	304.8105	
836	269.5804	
837	265.1461	
838	296.7326	
839	310.9526	
840	307.9524	
841	261.7227	
842	284.7737	
843	311.4979	
844	333.4421	
845	340.2050	
846	297.3088	
847	305.4572	
848	345.4222	
849	370.9023	
850	379.7026	
851	361.7346	
852	356.9199	
853	396.7036	
854	342.5676	
855	404.5228	
856	409.7613	
857	476.5089	
858	428.5281	
859	639.1216	
860	543.6443	
861	462.3346	
862	469.1980	
863	437.8839	
864	698.6281	
865	556.8805	
866	462.7823	
867	492.2944	
868	503.6343	
869	517.9836	
870	508.8354	
871	507.8703	
872	477.2899	
873	475.9674	
874	483.8372	
875	493.9206	
876	530.9004	
877	460.7557	
878	427.5680	
879	390.5675	
880	532.0029	
881	448.0797	
882	392.8622	
883	442.3824	
884	567.8810	
885	424.3952	
886	418.4800	
887	423.8900	
888	339.9843	
889	365.0857	
890	327.9206	
891	335.1190	
892	342.3290	
893	309.3746	
894	298.5375	
895	313.4752	
896	343.7657	
897	310.2479	
898	450.3314	
899	283.2112	
900	276.6800	
901	357.9663	
902	303.3891	
903	250.2959	
904	239.0204	
905	236.3450	
906	305.4057	
907	328.2791	
908	276.5470	
909	281.8156	
910	280.0000	
911	287.2332	
912	292.8547	
913	341.2057	
914	462.1053	
915	240.1523	
916	242.3423	
917	233.2038	
918	253.7488	
919	350.3623	
920	311.4823	
921	271.9951	
922	241.9067	
923	272.5881	
924	261.9753	
925	315.7988	
926	301.1141	
927	274.4798	
928	232.7396	
929	208.4024	
930	193.5837	
931	343.0400	
932	266.6108	
933	340.7784	
934	207.1444	
935	271.4554	
936	184.2050	
937	278.6665	
938	295.7759	
939	274.8114	
940	191.2886	
941	272.3599	
942	239.9380	
943	200.2798	
944	185.1516	
945	195.2857	
946	194.0680	
947	236.2653	
948	195.3316	
949	181.1177	
950	193.4124	
951	188.9235	
952	195.4400	
953	211.5931	
954	253.7340	
955	201.8426	
956	234.9126	
957	195.6331	
958	201.6973	
959	178.6121	
960	200.0927	
961	218.2966	
962	212.7218	
963	227.9424	
964	190.7356	
965	210.9459	
966	296.0089	
967	270.7115	
968	230.6256	
969	231.0996	
970	215.0991	
971	186.8740	
972	230.8444	
973	241.9371	
974	196.7563	
975	197.3168	
976	211.6435	
977	189.7352	
978	205.3842	
979	194.5613	
980	250.2222	
981	226.9466	
982	222.4287	
983	377.9405	
984	247.6134	
985	255.5306	
986	235.3505	
987	209.3346	
988	197.6457	
989	221.0858	
990	247.0305	
991	234.3945	
992	218.4577	
993	178.0845	
994	176.6171	
995	189.1020	
996	199.5222	
997	181.8662	
998	165.8780	
999	224.4253	
1000	234.6618	
1001	201.7111	
1002	212.1547	
1003	256.2429	
1004	290.8971	
1005	291.0628	
1006	267.1125	
1007	180.2237	
1008	198.6851	
1009	194.0360	
1010	285.2213	
1011	276.1935	
1012	345.3298	
1013	236.5312	
1014	270.6656	
1015	287.5714	
1016	200.8249	
1017	256.7738	
1018	208.5910	
1019	281.5589	
1020	564.5303	
1021	400.0589	
1022	206.7473	
1023	195.5645	
1024	225.9843	
1025	211.0612	
1026	203.5681	
1027	228.2626	
1028	235.3828	
1029	251.1467	
1030	250.3265	
1031	290.8590	
1032	418.7879	
1033	264.1729	
1034	275.3874	
1035	234.6035	
1036	232.4800	
1037	264.2271	
1038	316.0742	
1039	288.3773	
1040	287.3081	
1041	260.9705	
1042	314.5698	
1043	322.4286	
1044	232.4538	
1045	281.9417	
1046	283.8800	
1047	248.5155	
1048	251.4720	
1049	252.7437	
1050	294.8730	
1051	288.7831	
1052	283.0375	
1053	272.9546	
1054	269.0901	
1055	286.6994	
1056	340.0002	
1057	319.0457	
1058	324.4468	
1059	340.0329	
1060	331.6939	
1061	319.9544	
1062	354.5718	
1063	342.6334	
1064	324.6775	
1065	330.6100	
1066	323.3757	
1067	343.5627	
1068	333.4879	
1069	354.8581	
1070	458.3641	
1071	406.8654	
1072	367.5788	
1073	385.8769	
1074	389.4201	
1075	390.6531	
1076	416.6485	
1077	425.2384	
1078	428.5200	
1079	501.6797	
1080	484.3968	
1081	436.7004	
1082	431.8752	
1083	480.9052	
1084	474.3925	
1085	445.8571	
1086	426.4961	
1087	505.7979	
1088	535.4730	
1089	474.9745	
1090	429.3469	
1091	469.6261	
1092	473.7924	
1093	504.1994	
1094	440.1120	
1095	391.4810	
1096	420.9398	
1097	437.1905	
1098	389.2831	
1099	391.5143	
1100	375.5520	
1101	382.7639	
1102	349.6730	
1103	408.3856	
1104	354.4747	
1105	313.8979	
1106	311.3930	
1107	328.3694	
1108	300.6612	
1109	300.0549	
1110	309.5439	
1111	311.1181	
1112	424.8275	
1113	327.4406	
1114	305.7424	
1115	325.0327	
1116	358.0264	
1117	307.6991	
1118	277.9555	
1119	289.0360	
1120	315.1429	
1121	318.8851	
1122	282.9521	
1123	355.8018	
1124	317.4509	
1125	340.3696	
1126	313.0647	
1127	323.1378	
1128	336.8554	
1129	331.6868	
1130	390.9320	
1131	385.7000	
1132	383.3241	
1133	334.8109	
1134	385.3264	
1135	496.0408	
1136	358.8423	
1137	381.5719	
1138	416.0005	
1139	410.0748	
1140	392.5724	
1141	425.5886	
1142	412.4858	
1143	435.5284	
1144	429.7419	
1145	416.6427	
1146	409.8439	
1147	410.4220	
1148	451.0356	
1149	394.9272	
1150	383.8717	
1151	373.0038	
1152	359.0889	
1153	431.8427	
1154	341.0178	
1155	327.1905	
1156	322.6273	
1157	301.8797	
1158	331.5895	
1159	257.1453	
1160	251.6113	
1161	265.6605	
1162	284.6057	
1163	238.5390	
1164	260.6430	
1165	290.0058	
1166	235.8480	
1167	229.6797	
1168	206.4277	
1169	218.5949	
1170	205.3771	
1171	216.5829	
1172	194.9858	
1173	202.5595	
1174	196.3781	
1175	182.3181	
1176	183.7378	
1177	172.6436	
1178	182.8053	
1179	170.7791	
1180	204.8980	
1181	170.6011	
1182	242.6489	
1183	441.4629	
1184	214.0703	
1185	246.7729	
1186	241.9271	
1187	213.8944	
1188	235.1808	
1189	212.7623	
1190	264.4762	
1191	237.8472	
1192	258.6828	
1193	303.9307	
1194	299.4379	
1195	248.9883	
1196	265.3778	
1197	279.4387	
1198	354.0713	
1199	275.8228	
1200	290.5131	
1201	386.5018	
1202	358.5045	
1203	368.2064	
1204	389.6400	
1205	337.3725	
1206	370.9386	
1207	380.7882	
1208	408.9060	
1209	444.7956	
1210	478.3120	
1211	435.0686	
1212	467.1987	
1213	441.8812	
1214	469.8568	
1215	434.7379	
1216	461.6469	
1217	436.8347	
1218	382.4908	
1219	372.1011	
1220	354.8212	
1221	351.9636	
1222	338.2679	
1223	314.1676	
1224	309.7855	
1225	244.0000	
1226	266.0232	
1227	216.7989	
1228	243.4313	
1229	276.5389	
1230	256.9307	
1231	274.8497	
1232	253.1143	
1233	234.1753	
1234	233.8686	
1235	170.6327	
1236	264.0801	
1237	295.9831	
1238	302.1071	
1239	248.7778	
1240	222.2624	
1241	342.8215	
1242	181.3371	
1243	195.1326	
1244	200.8764	
1245	184.3084	
1246	259.3771	
1247	244.0361	
1248	237.8724	
1249	231.0334	
1250	203.4273	
1251	226.1789	
1252	388.2976	
1253	306.3149	
1254	291.1991	
1255	256.1895	
1256	270.3759	
1257	270.1670	
1258	294.8076	
1259	313.1624	
1260	301.5714	
1261	315.3655	
1262	334.7445	
1263	418.8669	
1264	407.5883	
1265	383.5429	
1266	431.5834	
1267	466.4629	
1268	436.2815	
1269	433.7389	
1270	424.4577	
1271	390.9648	
1272	395.4643	
1273	356.5924	
1274	352.6800	
1275	328.5841	
1276	292.9324	
1277	371.0623	
1278	379.1848	
1279	416.4720	
1280	395.6589	
1281	348.8273	
1282	334.3408	
1283	326.1210	
1284	331.0580	
1285	397.3557	
1286	298.0789	
1287	308.7524	
1288	371.1028	
1289	367.1789	
1290	346.4535	
1291	411.3443	
1292	464.1408	
1293	396.7657	
1294	469.4436	
1295	453.0635	
1296	382.2902	
1297	349.5919	
1298	317.6220	
1299	307.8081	
1300	324.6676	
1301	312.6575	
1302	272.5035	
1303	303.4667	
1304	258.4876	
1305	243.9877	
1306	282.3864	
1307	241.7718	
1308	400.0575	
1309	263.1486	
1310	234.9527	
1311	341.9048	
1312	290.5327	
1313	234.7604	
1314	185.3353	
1315	258.8776	
1316	225.8489	
1317	214.7771	
1318	205.1426	
1319	240.7394	
1320	237.0045	
1321	233.2574	
1322	262.2944	
1323	299.5156	
1324	277.3911	
1325	283.1069	
1326	308.7026	
1327	278.9036	
1328	311.8948	
1329	342.9433	
1330	344.7143	
1331	373.1570	
1332	409.8715	
1333	422.0506	
1334	412.5677	
1335	409.8750	
1336	489.5424	
1337	416.0279	
1338	380.7310	
1339	367.8854	
1340	388.9987	
1341	339.7819	
1342	326.4517	
1343	308.1296	
1344	264.8336	
1345	295.1195	
1346	241.2881	
1347	252.5959	
1348	297.3093	
1349	400.5819	
1350	282.9900	
1351	226.9657	
1352	178.4844	
1353	218.0522	
1354	281.7719	
1355	265.0710	
1356	203.3150	
1357	181.7086	
1358	238.6146	
1359	271.0067	
1360	253.7959	
1361	251.0383	
1362	254.0743	
1363	254.7809	
1364	269.7546	
1365	307.1429	
1366	268.4560	
1367	274.1847	
1368	359.9042	
1369	289.9315	
1370	339.0661	
1371	358.4217	
1372	389.5200	
1373	390.8115	
1374	377.0296	
1375	355.7988	
1376	338.0546	
1377	411.3702	
1378	399.8326	
1379	342.0971	
1380	325.5533	
1381	375.0336	
1382	289.9197	
1383	255.7520	
1384	267.6820	
1385	295.6472	
1386	318.0457	
1387	351.0409	
1388	399.3717	
1389	303.2854	
1390	317.1808	
1391	347.3319	
1392	350.4381	
1393	506.6229	
1394	492.2461	
1395	343.0243	
1396	272.7916	
1397	306.4733	
1398	276.0232	
1399	244.4436	
1400	215.1587	
1401	193.6163	
1402	191.9633	
1403	178.1214	
1404	218.3065	
1405	231.3382	
1406	363.6645	
1407	236.9905	
1408	256.9527	
1409	257.9007	
1410	249.3771	
1411	216.5855	
1412	201.8633	
1413	199.3211	
1414	238.7771	
1415	245.8685	
1416	258.2190	
1417	245.9097	
1418	266.5147	
1419	288.4813	
1420	331.7930	
1421	404.3956	
1422	484.7332	
1423	728.1746	
1424	571.2152	
1425	497.7894	
1426	402.6916	
1427	411.7680	
1428	357.9022	
1429	336.7628	
1430	311.9971	
1431	290.6125	
1432	484.0789	
1433	336.4305	
1434	250.8994	
1435	213.7143	
1436	243.6796	
1437	228.6110	
1438	188.8879	
1439	185.7507	
1440	188.4266	
1441	211.0105	
1442	277.9105	
1443	248.7111	
1444	249.3451	
1445	248.2157	
1446	214.6096	
1447	229.6091	
1448	253.2603	
1449	241.5911	
1450	259.5102	
1451	321.2614	
1452	429.7105	
1453	515.9495	
1454	406.8170	
1455	416.8895	
1456	468.2686	
1457	374.7761	
1458	461.4509	
1459	357.4189	
1460	288.7175	
1461	286.1591	
1462	282.8373	
1463	291.4597	
1464	286.7944	
1465	359.3091	
1466	272.3906	
1467	253.9527	
1468	322.7776	
1469	384.0124	
1470	376.2222	
1471	370.4541	
1472	377.2759	
1473	328.3806	
1474	296.1529	
1475	271.9164	
1476	271.2541	
1477	257.4229	
1478	281.3068	
1479	261.6489	
1480	214.2303	
1481	194.7720	
1482	220.7163	
1483	275.0872	
1484	202.1790	
1485	231.4108	
1486	219.5532	
1487	259.1413	
1488	271.2455	
1489	258.2956	
1490	215.4885	
1491	239.9130	
1492	278.9640	
1493	286.9335	
1494	379.6193	
1495	327.3091	
1496	320.4345	
1497	337.4843	
1498	372.0000	
1499	565.0170	
1500	377.0606	
1501	340.9857	
1502	353.5124	
1503	302.9490	
1504	284.4386	
1505	317.6667	
1506	255.2509	
1507	265.3341	
1508	328.9101	
1509	252.9378	
1510	182.1720	
1511	233.8857	
1512	199.4508	
1513	216.5881	
1514	218.7982	
1515	212.2258	
1516	190.1113	
1517	206.0110	
1518	263.9988	
1519	285.1200	
1520	308.4992	
1521	251.7301	
1522	270.8634	
1523	292.2612	
1524	326.2590	
1525	369.6152	
1526	426.5117	
1527	481.9707	
1528	357.7289	
1529	355.5953	
1530	482.1947	
1531	267.9987	
1532	301.3922	
1533	267.1568	
1534	234.8644	
1535	231.8834	
1536	253.2769	
1537	273.9937	
1538	281.1682	
1539	283.2199	
1540	324.8571	
1541	342.0833	
1542	309.4001	
1543	300.0462	
1544	279.7393	
1545	256.1380	
1546	276.6373	
1547	209.9105	
1548	204.0341	
1549	266.2378	
1550	191.6715	
1551	189.9144	
1552	204.2880	
1553	205.2798	
1554	191.9340	
1555	221.2274	
1556	298.4256	
1557	328.0426	
1558	236.7123	
1559	247.3625	
1560	260.0735	
1561	329.5486	
1562	359.6856	
1563	360.0481	
1564	374.2009	
1565	424.4568	
1566	381.4124	
1567	308.3361	
1568	267.5733	
1569	298.9986	
1570	253.7405	
1571	234.1498	
1572	255.7844	
1573	177.2282	
1574	229.6162	
1575	252.8254	
1576	253.9501	
1577	186.1886	
1578	220.4478	
1579	205.2555	
1580	256.1412	
1581	194.8504	
1582	228.2114	
1583	245.3452	
1584	280.8036	
1585	308.9330	
1586	317.5292	
1587	310.6899	
1588	358.2128	
1589	337.9955	
1590	332.8179	
1591	310.1747	
1592	283.5700	
1593	268.1922	
1594	246.5187	
1595	245.5967	
1596	308.0997	
1597	316.9131	
1598	288.0829	
1599	285.4993	
1600	357.8280	
1601	465.0315	
1602	312.7596	
1603	284.3657	
1604	302.0182	
1605	297.6278	
1606	215.7329	
1607	194.9090	
1608	222.3619	
1609	207.3385	
1610	201.3810	
1611	186.7749	
1612	207.9113	
1613	270.5100	
1614	305.7280	
1615	265.4461	
1616	217.2010	
1617	217.3689	
1618	232.2622	
1619	283.3307	
1620	281.9132	
1621	307.7721	
1622	321.7020	
1623	317.2631	
1624	331.8171	
1625	341.7642	
1626	275.9557	
1627	277.5089	
1628	230.5190	
1629	298.4216	
1630	272.5102	
1631	267.2533	
1632	229.0670	
1633	192.6516	
1634	208.7081	
1635	207.4879	
1636	198.6026	
1637	217.8800	
1638	195.1136	
1639	241.5871	
1640	231.6608	
1641	270.8407	
1642	252.8283	
1643	295.9766	
1644	371.5826	
1645	334.2857	
1646	417.1192	
1647	371.7482	
1648	282.6430	
1649	272.5490	
1650	289.8416	
1651	263.8474	
1652	266.1867	
1653	261.1728	
1654	267.4111	
1655	291.0343	
1656	314.7158	
1657	308.9351	
1658	369.5788	
1659	247.7556	
1660	231.8951	
1661	221.2169	
1662	229.2036	
1663	214.5222	
1664	205.1356	
1665	375.1490	
1666	231.0000	
1667	312.7332	
1668	245.8751	
1669	238.4226	
1670	201.6819	
1671	218.2259	
1672	239.4700	
1673	267.0114	
1674	253.2278	
1675	276.8426	
1676	371.5988	
1677	377.7699	
1678	290.4647	
1679	284.2248	
1680	386.1270	
1681	263.2799	
1682	276.6385	
1683	222.2927	
1684	245.2368	
1685	282.2828	
1686	505.8341	
1687	226.5086	
1688	212.6126	
1689	195.2900	
1690	218.1487	
1691	281.3913	
1692	241.5912	
1693	268.4013	
1694	250.5638	
1695	297.6472	
1696	367.4931	
1697	331.7314	
1698	447.6765	
1699	360.3936	
1700	274.4600	
1701	337.8051	
1702	306.9962	
1703	232.3131	
1704	237.8268	
1705	250.2945	
1706	355.1290	
1707	271.4197	
1708	399.9314	
1709	274.0157	
1710	232.7188	
1711	228.4901	
1712	184.4566	
1713	206.1237	
1714	258.8520	
1715	183.1111	
1716	192.5079	
1717	216.2097	
1718	220.6817	
1719	255.3747	
1720	266.9475	
1721	233.3007	
1722	267.7981	
1723	232.2917	
1724	252.5556	
1725	302.7195	
1726	320.6247	
1727	324.5963	
1728	436.1046	
1729	298.8743	
1730	255.0139	
1731	214.0200	
1732	211.2774	
1733	241.1364	
1734	206.9718	
1735	244.1749	
1736	208.7905	
1737	190.9049	
1738	207.8229	
1739	242.6039	
1740	218.1480	
1741	259.0581	
1742	254.9943	
1743	317.1162	
1744	312.1995	
1745	349.0768	
1746	390.5283	
1747	300.3767	
1748	298.7171	
1749	277.8372	
1750	249.0000	
1751	252.3015	
1752	303.6120	
1753	230.4281	
1754	266.8328	
1755	301.9417	
1756	310.3536	
1757	260.3486	
1758	246.0697	
1759	240.6287	
1760	177.0538	
1761	175.7436	
1762	205.6543	
1763	197.6103	
1764	206.6889	
1765	212.0962	
1766	214.3638	
1767	220.0460	
1768	215.7558	
1769	259.4851	
1770	249.1795	
1771	286.3200	
1772	277.9542	
1773	307.3496	
1774	489.4992	
1775	272.2452	
1776	224.2516	
1777	200.2931	
1778	184.1632	
1779	162.7544	
1780	164.5364	
1781	210.9848	
1782	228.4040	
1783	238.8103	
1784	215.4790	
1785	196.3492	
1786	235.9703	
1787	256.6458	
1788	250.7751	
1789	278.1412	
1790	304.5578	
1791	327.3190	
1792	342.5257	
1793	334.3009	
1794	261.9305	
1795	252.3936	
1796	266.4034	
1797	241.7831	
1798	231.9242	
1799	314.5505	
1800	336.3573	
1801	314.5001	
1802	306.6848	
1803	369.7799	
1804	248.1558	
1805	220.0224	
1806	201.0292	
1807	254.0945	
1808	262.3612	
1809	224.6594	
1810	175.0000	
1811	182.4643	
1812	246.7205	
1813	237.7600	
1814	262.7645	
1815	314.2417	
1816	446.6331	
1817	365.3288	
1818	322.7597	
1819	326.2597	
1820	245.4127	
1821	199.8214	
1822	187.9374	
1823	172.7203	
1824	224.0834	
1825	289.7289	
1826	190.7218	
1827	202.8806	
1828	193.7797	
1829	211.0917	
1830	223.9595	
1831	292.1660	
1832	383.3625	
1833	414.8361	
1834	337.3657	
1835	318.9388	
1836	297.4416	
1837	255.6128	
1838	254.4361	
1839	228.2370	
1840	207.3440	
1841	289.2229	
1842	324.2275	
1843	277.9593	
1844	261.0183	
1845	289.6589	
1846	248.2514	
1847	183.7440	
1848	178.6425	
1849	223.9482	
1850	262.3136	
1851	184.8595	
1852	192.8177	
1853	198.1878	
1854	223.6400	
1855	200.5714	
1856	266.7987	
1857	308.4960	
1858	272.1125	
1859	315.5467	
1860	288.3920	
1861	249.7170	
1862	364.4400	
1863	218.5483	
1864	225.7908	
1865	275.5199	
1866	175.9943	
1867	223.3996	
1868	220.2493	
1869	243.4686	
1870	214.2099	
1871	227.2253	
1872	216.1028	
1873	259.4330	
1874	307.3772	
1875	643.6595	
1876	596.9714	
1877	209.2195	
1878	238.8761	
1879	200.5850	
1880	213.7998	
1881	204.6942	
1882	228.6625	
1883	253.9276	
1884	273.4706	
1885	240.7347	
1886	261.2057	
1887	211.6143	
1888	207.4450	
1889	186.9669	
1890	182.8413	
1891	162.3105	
1892	179.3983	
1893	168.2887	
1894	266.0823	
1895	223.4461	
1896	211.0501	
1897	242.8571	
1898	254.8754	
1899	267.9761	
1900	296.0554	
1901	224.9368	
1902	200.1613	
1903	205.1755	
1904	162.1079	
1905	205.7988	
1906	251.6005	
1907	209.1027	
1908	216.0423	
1909	236.5887	
1910	216.6333	
1911	204.8044	
1912	232.0707	
1913	244.6969	
1914	409.6500	
1915	294.3936	
1916	266.8173	
1917	275.7255	
1918	251.2686	
1919	281.4612	
1920	212.7587	
1921	233.7209	
1922	248.4313	
1923	277.5424	
1924	403.5759	
1925	284.2064	
1926	243.0938	
1927	187.3244	
1928	205.3760	
1929	209.3741	
1930	167.3703	
1931	169.2555	
1932	186.3860	
1933	229.0759	
1934	239.5113	
1935	270.9530	
1936	306.2073	
1937	306.2415	
1938	263.8933	
1939	238.5600	
1940	240.4898	
1941	208.2027	
1942	191.3102	
1943	194.7577	
1944	172.8259	
1945	179.1953	
1946	216.9022	
1947	204.5504	
1948	232.6647	
1949	234.4147	
1950	250.5662	
1951	247.7436	
1952	319.9685	
1953	298.7733	
1954	236.7054	
1955	246.0751	
1956	200.9225	
1957	189.0652	
1958	205.1372	
1959	210.3048	
1960	192.0000	
